seed:1761019190735211
k:7
nbVertices:100
nbRep:10
theta:0.0
nbAttributes:1
devs:7.0
averageDegree:false
maxEdgesWithin:10
maxEdgesBetween:10
mte:0
nbTimestamps:10
probaMicro:0.0
probaMerge:0.30000000000000004
probaSplit:0.30000000000000004
probaChange:0.0
addBetweenEdges:0.30000000000000004
addWithinEdges:0.30000000000000004
addVertices:0.30000000000000004
removeBetweenEdges:0.30000000000000004
removeWithinEdges:0.30000000000000004
removeVertices:0.30000000000000004
updateAttributes:0.0
