seed:1904524623623228
k:7
nbVertices:100
nbRep:10
theta:0.0
nbAttributes:1
devs:7.0
averageDegree:false
maxEdgesWithin:10
maxEdgesBetween:10
mte:0
nbTimestamps:10
probaMicro:0.5
probaMerge:0.1
probaSplit:0.19999999999999998
probaChange:0.0
addBetweenEdges:0.19999999999999998
addWithinEdges:0.19999999999999998
addVertices:0.2
removeBetweenEdges:0.19999999999999998
removeWithinEdges:0.19999999999999998
removeVertices:0.4
updateAttributes:0.0
